0.01346875689997792
0.0005519982336056525
0.0
0.0
0.0
0.0
0.00022079929344226098
0.0
0.00011039964672113049
0.00011039964672113049
0.00011039964672113049
0.007948774563921396
0.015014351954073748
0.01346875689997792
0.02219032899094723
0.0009935968204901745
0.0035327886950761757
0.013027158313093399
0.002759991168028262
0.0017663943475380878
0.0
0.0
0.00022079929344226098
0.03311989401633915
0.165820269375138
1.0
0.3678516228748068
0.8606756458379333
0.2801943033782292
0.15908589092514905
0.007617575623758004
0.0012143961139324355
0.00011039964672113049
0.00011039964672113049
0.0
0.0035327886950761757
0.02726871274011923
0.04327666151468315
0.18955619342018107
0.12155001103996467
0.23327445352174872
0.15235151247516007
0.20147935526606314
0.050783837491720024
0.005851181276219916
0.0005519982336056525
0.00022079929344226098
0.00033119894016339147
0.005078383749172003
0.018878339589313314
0.012033561492603224
0.007948774563921396
0.014351954073746963
0.013910355486862442
0.0376462795319055
0.04007507175977037
0.034886288363877235
0.007175977036873482
0.0005519982336056525
0.00011039964672113049
0.0009935968204901745
0.001103996467211305
0.0038639876352395673
0.00044159858688452196
0.005409582689335394
0.003974387281960698
0.02020313534996688
0.009935968204901745
0.015124751600794878
0.018436741002428793
0.008721572090969309
0.00220799293442261
0.0012143961139324355
0.0015455950540958269
0.0007727975270479134
0.0006623978803267829
0.007286376683594612
0.0206447339368514
0.004967984102450872
0.0007727975270479134
0.006292779863104438
0.0040847869286818285
0.00452638551556635
0.005961580922941047
0.0026495915213071318
0.0005519982336056525
0.0
0.0
0.00033119894016339147
0.0
0.008390373150805918
0.002759991168028262
0.0009935968204901745
0.00022079929344226098
0.00231839258114374
0.0012143961139324355
0.0020975932877014794
0.002428792227864871
0.0007727975270479134
0.00022079929344226098
0.0
0.0
0.00022079929344226098
0.00022079929344226098
0.00022079929344226098
0.0009935968204901745
0.0005519982336056525
0.00011039964672113049
0.0006623978803267829
0.001103996467211305
0.0008831971737690439
0.0009935968204901745
0.00011039964672113049
0.00011039964672113049
0.0
0.0
0.0
0.0
0.0
0.00011039964672113049
0.0
0.0
0.00011039964672113049
0.00033119894016339147
0.00033119894016339147
0.0
0.00022079929344226098
0.0
0.00011039964672113049
0.0
0.0
0.0
0.0
0.0
0.0
0.0
0.00011039964672113049
0.0
0.00011039964672113049
0.0
0.0
0.0
0.0
0.0
0.0
0.0
0.0
0.0
0.0
0.0
0.00011039964672113049
0.00022079929344226098
0.0
0.0
0.0
0.00011039964672113049
0.0
0.0
0.0
0.0
0.0
0.0
0.00011039964672113049
0.0
0.00011039964672113049
0.00011039964672113049
0.0
0.0
0.0
0.0
0.0
0.0
0.0
0.0
0.0
0.0
0.0
0.0
0.0
0.00011039964672113049
0.00011039964672113049
0.0
0.0
0.0
0.0
0.0
0.0
0.0
0.0
0.0
0.0
0.0
0.0
0.0
0.0
0.0
0.0
0.0
0.0
0.0
